53
6 6 10
4 1
3 2
4 2
5 2
3 4
4 4
5 4
3 6
4 6
5 6
5 5 5
3 2
2 3
3 3
4 3
3 4
1 1 1
1 1
50 50 179
1 22
1 27
2 29
2 33
2 40
2 45
2 48
3 3
3 16
3 37
3 44
3 49
4 9
5 1
5 21
5 33
5 36
5 45
6 9
6 14
6 17
6 23
6 29
6 36
6 43
7 9
7 13
8 18
8 22
8 36
8 49
9 6
9 12
9 20
9 39
9 44
9 46
10 1
10 7
10 19
11 6
11 17
11 19
11 25
11 32
12 9
12 23
12 38
13 1
13 4
13 22
13 27
13 43
14 35
14 46
15 3
15 4
15 30
15 44
16 6
16 30
16 47
17 6
17 9
17 19
17 46
18 11
18 36
19 16
19 18
19 28
19 47
20 6
20 45
21 4
21 34
22 2
22 45
23 2
23 41
23 42
24 20
24 23
24 29
24 35
24 38
25 8
25 17
25 29
25 40
26 10
27 10
27 28
27 35
28 10
28 43
29 16
29 21
29 24
29 33
30 43
30 45
31 10
31 34
31 42
31 44
31 49
32 15
32 38
33 1
33 5
33 18
33 26
33 43
34 10
34 11
34 32
34 42
34 47
35 5
35 11
35 22
35 37
36 34
36 42
37 21
37 40
37 45
37 46
38 7
38 14
38 15
38 21
38 29
38 45
38 48
39 7
40 7
40 9
40 11
40 16
40 18
40 37
40 38
41 24
41 31
41 39
41 48
42 28
43 1
43 19
43 22
43 30
44 1
44 10
44 18
44 29
44 32
44 42
45 2
45 19
45 35
45 43
46 47
47 29
47 38
47 46
48 12
48 17
48 37
48 41
49 12
49 22
49 25
49 35
49 42
49 44
50 9
50 14
50 50 173
1 11
1 17
1 36
1 44
2 6
2 10
2 20
3 16
3 24
4 8
4 29
5 11
5 21
5 49
6 2
6 34
6 44
6 48
7 12
7 15
7 24
8 35
9 9
9 34
9 46
10 2
10 10
10 17
10 21
10 35
10 38
10 41
10 42
10 43
11 11
11 19
11 25
11 28
11 34
12 14
12 34
13 1
13 4
13 32
13 35
13 49
14 9
14 46
15 8
15 35
15 37
16 6
16 23
16 31
17 8
17 29
17 36
17 37
18 4
18 8
18 20
18 28
19 8
19 31
20 18
20 47
21 14
21 31
21 33
21 37
22 1
22 41
23 26
24 33
24 42
25 3
25 21
25 27
25 35
25 42
25 46
26 12
26 15
26 24
26 36
26 37
26 42
26 49
27 4
27 18
27 35
27 41
27 42
28 19
28 22
28 37
28 38
29 4
29 14
29 34
30 2
30 12
30 15
30 28
30 33
30 34
31 15
31 16
31 23
31 37
33 12
33 45
33 49
34 7
34 25
34 39
35 17
35 24
35 30
35 40
35 41
35 42
36 1
36 7
36 15
36 40
37 15
37 22
38 2
38 39
38 44
39 2
39 13
39 36
39 46
40 20
40 31
40 37
40 49
41 14
41 32
41 39
42 22
42 24
42 25
42 33
42 44
43 1
43 26
43 33
44 5
44 10
44 23
44 29
44 33
44 35
45 6
45 33
46 2
46 35
47 4
47 27
47 36
47 45
48 10
48 24
48 38
48 41
49 2
49 10
49 21
49 28
50 23
50 50 174
1 14
1 28
1 36
1 40
2 5
2 40
3 9
3 15
3 19
3 23
3 46
4 3
4 5
4 12
4 23
5 31
5 48
6 16
6 17
6 45
6 48
7 24
7 48
8 15
9 6
9 10
9 13
9 44
9 46
10 13
10 36
10 50
11 5
11 7
11 15
11 39
12 13
12 23
12 37
13 11
13 36
13 43
14 7
15 11
15 14
15 29
15 38
16 12
16 20
16 29
16 31
17 23
17 35
17 42
17 43
18 10
18 38
18 40
19 14
20 2
20 12
20 24
21 21
21 36
21 46
22 4
22 12
22 13
22 37
22 48
23 3
23 30
24 7
24 9
24 28
24 46
25 19
25 28
25 30
25 44
26 34
27 9
27 41
27 42
28 3
28 13
28 14
28 28
28 32
28 40
29 4
29 10
29 15
29 26
29 31
29 41
30 2
30 20
30 26
30 36
30 45
31 16
32 9
32 13
32 24
32 25
33 22
33 50
34 2
34 3
34 8
34 32
34 42
35 12
35 17
35 18
36 12
36 18
37 10
37 24
37 33
38 3
38 24
38 26
38 40
38 47
39 9
39 11
39 24
39 31
39 37
39 40
39 50
40 16
40 33
41 2
41 47
42 22
42 27
42 34
43 9
43 14
43 31
43 33
44 7
44 20
44 35
44 39
44 43
45 8
45 14
45 33
45 46
45 48
46 8
47 1
47 7
47 9
47 18
47 20
47 21
47 30
47 41
47 44
48 7
49 3
49 11
49 16
49 33
49 34
49 39
50 21
50 39
50 42
50 50 189
1 4
1 9
1 25
1 40
1 43
1 47
2 6
2 19
3 1
3 21
4 1
4 46
5 2
5 22
5 36
5 40
7 13
7 17
7 21
7 48
8 37
8 46
9 2
9 5
9 20
9 47
10 11
10 19
10 40
11 27
11 40
12 1
12 2
12 3
12 16
12 43
12 47
13 38
13 47
13 48
14 8
14 27
14 31
15 16
15 26
15 44
15 46
15 47
16 9
16 30
17 2
17 9
18 14
18 46
19 11
20 7
20 15
20 32
20 34
20 44
20 48
21 1
21 5
21 7
21 16
21 26
21 46
21 49
21 50
22 4
22 5
22 10
22 29
23 4
23 9
23 10
23 17
23 28
23 36
23 37
23 43
24 3
24 11
24 13
24 33
24 43
24 47
25 6
25 20
25 48
25 50
26 5
26 29
26 44
26 48
27 8
27 19
27 21
27 28
28 17
28 23
30 8
30 10
30 18
30 28
31 9
31 18
31 22
32 1
32 8
32 9
32 12
32 30
32 50
33 36
33 50
34 13
34 35
34 37
35 5
35 19
35 20
35 35
36 9
36 19
36 22
36 29
36 33
37 2
37 11
37 47
38 3
38 20
38 21
38 38
38 44
39 2
39 26
40 2
40 44
41 10
41 27
41 35
41 44
42 4
42 42
42 50
43 16
43 17
43 18
43 19
43 27
44 29
44 31
44 38
44 43
44 50
45 2
45 7
45 10
45 26
45 29
45 43
45 45
45 46
45 47
46 3
46 12
46 13
46 19
46 44
47 9
47 15
47 22
47 49
48 7
48 10
48 12
48 47
49 7
49 12
49 21
49 26
49 31
49 36
50 2
50 17
50 31
50 47
50 50 176
1 4
1 11
1 19
2 7
2 15
2 32
2 44
2 46
2 47
3 3
3 8
3 18
3 36
3 44
3 45
3 49
4 31
5 35
5 43
5 47
6 22
6 30
6 32
6 35
6 42
7 20
7 33
8 1
8 9
8 22
8 40
8 50
9 4
10 9
10 41
10 44
11 5
11 10
11 18
11 43
12 7
12 23
12 31
13 9
13 25
13 26
13 28
13 31
13 42
13 47
14 16
14 18
14 44
16 33
16 47
17 22
17 26
17 29
18 2
18 16
19 1
19 5
19 14
19 44
20 20
20 29
20 37
20 47
20 49
20 50
21 26
21 39
22 1
22 31
23 31
24 8
24 10
24 30
24 31
25 25
25 37
25 48
26 7
26 26
26 27
27 5
27 25
28 1
28 18
28 34
28 44
29 29
29 44
29 48
30 6
30 30
30 46
30 47
31 8
31 34
31 44
32 9
32 24
32 41
32 44
33 26
33 45
34 3
34 47
34 48
35 11
35 29
35 34
35 45
36 7
36 10
36 13
36 24
36 27
36 35
36 41
36 43
36 44
37 2
37 5
37 8
37 38
37 49
38 16
38 19
38 20
39 16
39 19
39 27
39 29
39 37
39 44
40 50
41 27
41 40
42 32
43 9
44 7
44 13
44 17
44 18
44 19
45 1
45 3
45 16
45 32
45 37
46 4
46 7
46 10
46 12
46 13
46 24
46 37
46 48
47 7
47 25
47 32
48 10
48 24
48 33
48 34
48 39
49 14
49 23
49 47
50 1
50 15
50 31
50 38
50 44
50 50 169
1 10
1 18
1 35
2 4
2 19
2 43
2 44
3 12
3 25
3 32
3 37
3 50
4 21
4 29
5 5
5 21
5 34
5 45
6 19
6 24
6 31
6 44
7 33
7 34
7 39
7 40
8 2
8 4
8 7
8 16
8 22
8 41
8 45
9 2
9 8
9 27
9 47
10 3
10 11
10 13
10 46
11 22
11 35
11 43
11 48
12 13
12 27
14 12
15 9
15 10
15 13
15 42
16 4
16 14
16 31
17 22
18 14
18 26
19 4
19 7
19 48
20 37
20 41
21 21
21 44
22 6
22 15
23 3
23 18
23 29
23 31
23 33
23 34
23 39
23 43
24 1
24 3
24 7
24 10
24 30
24 31
24 33
24 34
24 36
25 31
26 23
26 42
26 48
27 3
27 5
27 36
27 40
28 1
28 45
28 47
29 32
29 36
30 2
30 3
30 10
31 42
32 2
32 3
32 32
32 43
33 7
33 14
33 49
34 11
34 33
34 47
35 4
35 36
35 49
36 17
36 35
36 44
37 14
37 18
37 26
37 48
38 13
38 28
38 48
40 2
40 15
40 26
40 47
41 11
41 40
42 1
42 18
42 19
42 21
42 26
42 27
43 5
43 8
43 17
43 26
43 45
43 48
44 38
44 39
44 48
45 2
45 24
45 44
46 11
46 15
46 16
46 21
47 5
47 18
47 20
47 26
47 41
47 45
47 46
47 50
48 9
48 12
48 19
49 2
49 5
49 8
49 38
50 25
50 30
50 50 174
1 2
1 16
1 31
2 7
2 47
3 12
3 33
3 37
4 2
4 22
4 45
5 9
5 23
5 24
5 42
6 2
6 8
6 11
6 16
6 31
6 34
6 37
6 45
7 4
7 9
7 42
8 1
8 5
8 7
8 17
8 30
8 44
9 1
9 6
10 13
10 15
10 32
10 38
12 6
12 41
13 1
13 2
13 6
13 16
14 19
14 20
14 31
15 1
15 9
15 24
15 37
15 43
16 18
16 29
17 44
18 12
18 16
18 34
19 26
19 29
19 30
20 3
20 4
20 8
20 10
20 11
20 15
21 22
21 23
21 39
22 31
22 41
23 30
24 6
24 22
24 33
24 34
24 38
24 46
25 21
25 24
25 33
25 43
26 28
26 40
26 49
27 18
27 21
27 35
27 50
28 6
28 13
29 6
29 15
29 18
29 30
29 32
29 46
30 32
31 7
31 25
32 10
32 11
32 22
32 29
32 42
32 47
33 1
33 21
33 26
33 38
33 48
34 10
34 18
34 20
35 50
36 3
36 20
36 28
36 31
36 35
36 48
37 6
37 9
37 13
37 16
37 22
37 26
37 29
37 38
38 20
39 8
39 12
39 13
39 14
39 41
39 43
39 50
40 21
40 24
40 44
41 7
41 41
42 12
42 13
42 14
42 26
42 31
42 50
43 17
43 30
43 43
43 45
43 48
44 4
44 5
44 42
45 2
45 37
45 47
46 12
46 26
46 32
47 38
47 48
47 50
48 24
48 41
49 10
49 46
50 8
50 13
50 17
50 41
50 50 149
1 10
1 20
1 37
1 38
1 41
2 10
2 11
2 26
2 46
3 6
3 43
4 40
5 27
6 1
6 20
6 26
6 34
6 42
6 46
7 25
7 35
8 35
9 12
9 14
9 28
9 37
9 38
10 18
12 13
12 41
13 38
13 43
13 44
14 2
14 7
14 34
14 39
15 9
15 39
16 13
16 41
16 44
17 18
17 28
18 5
18 14
18 38
18 39
19 13
19 21
19 23
19 30
19 40
19 43
19 49
20 2
20 20
20 27
20 30
20 34
21 12
21 21
21 27
21 37
22 1
22 17
22 29
22 30
22 32
22 34
22 39
23 19
23 31
23 37
24 1
24 16
24 20
25 28
25 48
26 3
26 6
26 14
26 25
26 31
26 32
26 35
26 40
26 45
27 7
27 16
28 46
29 22
30 19
30 23
30 43
30 47
31 30
31 35
31 36
32 15
32 21
32 28
32 29
33 45
34 6
34 25
34 36
35 18
35 30
35 48
36 32
37 1
37 20
37 41
38 13
38 18
38 21
39 29
39 38
40 41
41 33
41 50
42 7
42 34
42 40
43 26
44 5
44 12
44 23
45 31
45 34
45 44
45 45
46 18
46 26
47 10
47 12
47 16
48 1
48 14
48 32
48 50
49 15
49 24
49 40
50 12
50 13
50 31
50 33
50 50 149
1 25
1 30
2 12
2 26
2 32
2 44
2 46
3 50
4 18
4 34
5 20
5 31
6 5
6 42
7 17
7 42
7 44
8 4
8 24
8 42
8 50
9 27
10 20
10 22
10 35
10 45
11 14
11 31
12 6
12 15
13 5
13 15
13 30
13 33
13 36
13 38
13 45
13 49
13 50
14 11
14 14
15 3
15 4
15 32
15 33
15 35
15 47
16 20
16 27
16 36
18 29
19 6
19 7
19 10
19 23
19 24
19 41
20 45
21 2
21 4
21 42
21 50
22 1
22 25
22 29
22 41
23 9
23 11
23 32
23 44
24 3
24 24
24 39
24 41
24 44
24 45
25 8
25 26
25 27
25 32
26 11
26 16
26 44
27 49
28 15
28 31
28 32
28 50
29 1
29 4
29 17
29 22
29 24
30 24
31 39
32 50
33 16
34 1
36 3
36 4
36 25
37 4
37 30
37 44
38 23
38 33
38 44
39 27
39 28
40 13
40 14
40 35
41 10
42 26
42 42
42 43
42 47
44 4
44 12
44 17
44 32
44 39
45 1
45 5
45 21
46 1
46 4
46 6
46 18
46 19
46 22
46 31
47 15
47 22
47 26
47 44
48 5
48 21
48 26
48 49
49 3
49 31
50 4
50 13
50 18
50 20
50 27
50 29
50 49
50 50 165
1 8
1 38
1 40
1 47
2 8
2 12
2 37
2 44
3 5
3 24
3 42
4 1
4 26
4 36
5 5
5 6
5 25
5 37
6 2
6 8
7 17
7 30
7 32
7 45
8 25
9 4
10 21
10 30
10 36
10 37
11 22
11 32
11 40
11 41
12 17
12 21
13 17
13 26
13 33
13 41
14 8
14 35
14 38
14 42
14 43
14 48
15 6
15 14
15 22
15 38
15 43
16 7
16 17
17 23
17 28
17 30
17 42
17 44
17 49
18 11
18 44
18 46
19 3
19 24
19 27
19 41
19 43
20 21
20 24
21 11
21 25
21 28
21 39
21 44
22 30
22 37
22 44
23 16
23 26
23 47
23 49
24 11
24 17
24 30
24 36
25 9
25 16
25 17
25 24
25 25
25 35
25 36
25 45
25 48
26 28
26 34
26 42
27 40
27 50
28 21
28 28
29 7
29 25
30 7
30 8
30 13
30 35
31 25
31 35
31 41
32 1
32 18
32 23
33 32
33 38
33 42
34 3
34 9
34 43
34 49
36 6
36 16
36 49
37 23
38 12
38 33
38 36
38 46
39 2
40 22
40 33
41 2
41 10
41 43
42 3
42 11
42 23
42 36
42 45
43 27
43 38
43 44
44 37
44 38
45 20
45 32
45 41
45 44
46 13
46 38
46 40
46 41
46 44
46 49
46 50
47 17
47 20
48 11
48 18
48 32
48 37
49 3
49 10
49 35
50 15
50 50 185
1 23
1 34
2 20
2 42
2 44
3 1
3 2
3 28
3 42
3 47
4 7
4 28
4 37
5 17
5 40
5 45
6 10
6 22
6 25
6 44
7 18
7 19
7 26
7 29
8 6
8 10
8 35
8 38
8 40
8 49
9 30
9 34
9 42
9 48
10 7
10 19
10 40
10 44
10 46
10 50
11 10
11 11
11 43
11 44
12 8
12 14
12 21
12 28
12 37
12 39
13 4
13 5
13 16
13 27
14 12
14 14
14 19
14 41
14 42
14 46
15 1
15 12
15 14
15 21
16 34
16 36
17 6
17 8
17 37
18 30
18 45
19 2
19 4
19 24
19 36
19 50
20 29
21 5
21 32
21 42
22 3
22 9
22 10
22 15
22 16
22 22
22 49
23 8
23 44
24 10
24 22
24 25
24 38
24 49
25 36
25 49
26 1
26 3
26 30
28 22
29 27
29 34
29 46
30 6
30 11
30 24
30 27
31 7
31 22
31 42
31 46
32 5
32 11
32 18
32 23
32 45
32 46
33 22
33 25
33 30
33 37
33 44
34 28
34 32
34 35
34 46
35 6
35 9
35 25
35 31
35 38
36 1
36 16
36 27
36 43
37 16
37 25
37 39
38 20
38 28
39 12
39 26
40 13
40 20
40 25
40 34
41 32
42 10
42 30
42 32
42 48
42 50
43 4
43 18
43 25
44 6
44 12
44 25
44 27
44 29
44 37
45 24
45 35
46 10
46 15
46 22
46 29
46 42
46 44
47 3
47 5
47 18
47 19
48 22
48 31
48 33
48 35
48 42
49 3
49 8
50 4
50 10
50 20
50 25
50 50
50 50 152
1 31
1 34
3 8
3 29
4 17
4 23
4 30
4 49
4 50
7 10
8 23
8 29
8 39
9 10
9 23
9 35
10 23
10 37
10 39
11 10
11 15
12 14
13 3
13 13
13 20
13 27
13 30
14 5
14 11
14 20
14 46
15 36
16 5
16 26
16 36
18 1
19 8
20 12
20 22
20 23
21 3
21 4
21 10
21 26
21 39
22 11
22 17
22 37
22 50
23 15
23 16
23 17
23 45
25 19
25 29
25 47
25 50
26 11
26 25
26 28
27 14
27 17
27 33
28 1
28 22
28 33
28 34
28 37
28 45
29 5
29 6
29 28
29 40
30 37
30 45
31 7
31 9
31 19
31 24
32 6
32 15
32 50
33 13
33 15
33 19
33 42
34 8
34 15
34 29
34 31
34 46
35 13
35 15
35 38
35 43
35 46
36 5
36 11
36 13
36 46
37 36
37 43
37 47
38 7
38 21
38 24
38 30
38 39
39 33
39 44
40 8
40 31
41 7
41 11
41 16
41 20
41 28
41 33
42 7
42 11
42 31
42 38
42 41
42 50
43 8
43 10
43 13
43 14
44 6
44 30
44 47
45 17
45 18
45 24
46 1
46 4
46 38
46 39
46 47
47 31
47 34
48 26
48 29
48 36
48 46
49 16
49 18
49 20
49 29
49 47
50 1
50 37
50 50 181
1 2
1 31
1 40
1 43
2 2
2 3
2 5
2 11
2 33
2 36
2 45
3 10
3 14
3 30
3 33
4 26
5 11
5 15
5 37
5 45
6 19
6 40
7 11
7 13
7 21
7 40
7 41
7 47
8 2
8 19
8 20
9 3
9 11
9 25
10 31
10 34
10 40
11 12
11 20
11 34
11 50
12 5
12 7
12 33
12 36
12 48
13 11
13 17
13 29
13 37
13 47
14 4
14 7
14 30
14 35
14 48
15 8
15 11
15 12
16 15
16 30
17 12
17 13
17 29
17 30
18 18
18 19
18 41
18 45
18 46
19 8
19 12
19 25
20 3
20 15
20 21
20 30
20 49
20 50
21 47
22 21
22 26
22 42
23 5
23 19
23 40
24 1
24 25
25 10
25 31
26 8
26 16
26 20
26 25
26 47
27 27
27 37
28 34
28 36
28 50
29 6
29 18
29 33
29 40
30 9
30 27
30 39
30 45
30 50
31 15
32 6
32 13
32 47
33 31
33 45
34 8
34 12
34 23
34 39
34 42
35 22
35 27
35 45
35 50
36 15
37 17
37 21
37 33
38 20
38 23
38 35
39 10
39 21
40 33
41 4
41 11
41 19
41 40
41 41
41 42
42 13
42 19
42 34
43 6
43 12
43 15
43 16
44 9
44 14
44 25
44 35
44 37
44 40
44 46
45 5
45 12
45 14
45 21
46 7
46 36
47 9
47 24
47 31
47 36
47 49
48 1
48 19
48 28
48 39
49 4
49 6
49 9
49 20
49 21
49 22
49 34
49 36
49 37
50 9
50 42
50 43
50 50 176
1 1
1 16
1 25
1 46
2 30
3 2
3 10
3 12
3 21
3 24
3 33
3 35
3 40
4 13
4 23
4 48
5 18
5 30
5 41
6 16
6 21
6 22
6 34
6 39
6 41
6 49
7 1
7 34
7 50
8 11
8 21
8 37
8 38
9 15
9 18
9 48
9 50
10 4
10 41
10 45
11 19
11 22
12 2
12 28
13 23
13 34
14 38
15 14
15 18
15 20
16 11
16 18
16 22
16 38
17 2
17 18
17 35
17 38
18 4
18 34
18 42
19 26
19 39
20 5
20 15
20 16
20 17
20 20
20 36
20 44
20 47
22 11
22 16
22 18
22 30
22 34
23 14
23 16
23 18
23 42
24 13
24 22
24 33
24 35
24 48
26 7
26 23
26 32
26 41
27 13
27 24
28 39
28 41
29 6
29 17
29 20
29 25
30 31
30 34
30 44
31 22
31 46
32 17
32 21
32 36
32 42
32 43
33 1
33 2
33 11
33 31
33 41
34 1
34 10
34 20
34 26
35 14
35 25
35 35
35 36
36 3
36 6
36 19
36 23
36 25
36 41
36 45
37 11
37 13
37 22
37 38
37 42
38 5
38 49
39 3
39 13
39 37
40 31
41 9
41 12
41 47
41 49
42 9
42 19
42 21
42 28
42 35
43 3
43 6
43 11
43 33
43 37
43 41
44 16
44 19
45 25
46 6
46 10
46 11
46 48
47 11
47 14
47 30
47 39
47 41
47 45
48 5
48 29
48 37
48 45
49 7
49 15
49 18
49 29
50 14
50 15
50 50 179
1 40
2 4
2 6
3 7
3 19
4 16
4 26
4 37
4 50
5 6
5 21
5 29
5 36
5 43
6 14
6 19
6 21
7 5
7 21
7 46
8 6
8 22
8 40
9 1
9 22
9 43
10 6
10 12
11 3
11 9
11 17
11 32
11 42
11 44
12 15
12 41
13 1
13 17
13 39
14 21
14 29
14 31
14 33
14 43
14 44
15 15
15 40
15 48
16 9
16 41
17 20
17 26
17 28
17 36
17 40
17 44
17 49
18 3
18 8
18 17
18 18
18 35
19 25
19 42
19 46
19 48
19 50
20 2
20 10
20 17
20 25
20 42
20 44
21 44
22 5
22 36
22 49
23 6
23 14
23 42
23 43
23 48
23 49
24 34
24 36
24 40
24 46
25 9
26 16
26 30
26 39
26 44
26 45
26 46
26 47
27 2
27 8
28 3
28 25
28 26
28 46
29 45
29 49
30 6
30 28
30 33
30 40
30 41
30 47
31 2
31 30
31 32
31 45
32 14
32 15
32 31
33 23
33 43
33 47
33 48
34 3
35 10
35 44
35 45
36 14
36 32
36 39
36 46
37 23
37 42
38 14
38 25
38 32
38 36
38 40
39 4
39 5
39 21
39 27
39 48
40 18
40 25
40 35
40 37
40 42
40 45
41 1
41 9
41 17
41 24
41 29
42 37
42 46
43 6
43 15
43 16
44 2
44 45
45 28
45 49
46 18
46 32
47 25
47 44
47 48
48 2
48 17
48 18
48 20
48 29
49 9
49 27
49 32
49 40
49 45
49 50
50 9
50 17
50 23
50 50 144
1 15
1 23
1 39
2 7
2 27
2 28
2 33
2 42
2 43
3 31
4 32
4 36
4 38
5 1
5 22
5 35
5 39
5 42
6 23
6 43
6 46
7 3
7 14
9 19
9 41
10 10
10 31
10 49
11 40
12 18
12 28
13 25
13 33
13 42
14 19
14 45
16 39
17 7
17 11
17 26
17 36
17 37
18 2
18 10
18 16
19 41
20 11
20 12
20 24
20 28
20 31
20 38
20 39
20 40
20 42
20 48
21 2
21 25
21 26
21 50
22 9
22 29
23 20
23 24
23 32
24 16
24 38
25 4
25 43
26 22
26 32
27 9
27 12
27 49
28 6
28 8
28 31
29 7
29 13
29 36
29 43
30 15
30 36
30 41
31 11
31 20
32 18
32 49
33 10
33 36
33 49
34 46
35 12
35 16
35 18
35 31
35 37
35 43
35 49
35 50
36 23
37 13
37 16
38 28
38 45
38 50
39 8
39 24
40 9
40 22
40 38
40 40
40 41
41 45
41 46
42 22
42 27
43 25
43 31
43 50
44 2
44 31
44 44
44 48
45 1
45 2
45 42
45 50
46 4
46 18
46 19
46 32
46 35
46 37
47 5
47 22
48 6
48 17
48 43
49 35
49 44
50 20
50 27
50 36
50 50 174
1 20
1 35
2 2
3 48
4 3
4 4
4 11
4 44
4 50
5 13
5 19
5 30
5 43
6 45
6 47
7 19
7 34
7 42
7 46
8 28
8 33
9 3
9 7
9 15
9 47
10 12
10 17
10 18
10 30
11 1
11 5
11 6
11 42
11 43
11 46
12 13
12 17
12 26
12 27
12 40
12 50
13 1
13 9
13 16
13 18
13 21
13 44
14 18
14 44
15 15
15 19
16 3
16 4
16 13
16 31
17 6
17 10
17 33
18 2
18 17
18 35
19 1
19 25
19 33
20 24
20 27
21 1
21 33
21 37
21 40
21 44
22 4
22 48
23 27
23 47
24 36
25 7
25 33
26 5
26 7
26 18
26 23
26 34
26 50
27 1
27 4
27 12
28 1
28 3
28 16
28 38
29 13
29 38
30 16
30 19
30 27
31 4
31 20
31 22
31 27
31 38
31 49
32 1
32 5
32 8
32 9
32 27
32 30
32 50
33 2
33 11
33 21
33 35
34 2
35 13
35 23
35 25
35 36
36 12
36 20
36 36
36 47
37 4
37 34
37 35
38 28
38 34
39 3
39 12
39 35
40 8
40 31
40 33
40 38
41 2
41 28
41 49
42 23
42 25
42 48
43 14
43 19
43 20
43 43
44 4
44 24
44 31
44 32
44 35
44 46
44 47
45 1
45 18
45 35
46 14
46 25
46 43
47 1
47 7
47 20
47 30
47 36
48 2
48 25
48 33
48 34
48 42
48 45
49 5
49 43
49 50
50 16
50 17
50 33
50 50 167
1 20
2 18
2 23
3 10
3 21
3 37
4 3
4 21
4 37
4 50
5 6
5 28
5 31
6 16
6 35
6 42
6 43
6 45
7 21
7 24
7 32
8 17
8 21
8 22
8 49
9 2
9 3
9 23
9 26
9 29
9 43
10 10
11 19
11 31
11 50
12 15
12 27
12 38
13 16
13 33
13 50
14 2
14 4
14 15
14 29
14 39
15 24
15 34
15 44
15 45
16 5
16 13
17 20
17 47
18 1
18 19
18 39
19 27
19 45
19 46
19 47
20 7
20 18
20 20
20 40
21 21
21 27
21 30
22 4
22 14
22 19
22 50
23 7
23 10
24 9
24 14
24 23
24 32
24 43
24 46
25 28
25 32
25 36
25 48
26 5
26 23
26 43
27 20
27 40
28 3
28 14
28 28
29 21
29 40
30 30
30 36
30 37
31 30
31 39
31 50
32 32
32 44
33 5
33 6
33 36
33 50
34 1
34 2
34 8
34 34
34 41
35 7
35 20
35 45
36 11
36 30
36 35
36 48
37 37
37 50
38 5
38 12
38 17
39 4
39 24
40 9
40 20
41 4
41 10
42 9
42 49
43 3
43 15
43 20
43 45
44 10
44 15
44 28
45 3
45 20
45 41
45 45
46 9
46 33
46 46
47 10
47 19
47 23
47 34
48 8
48 12
48 13
48 15
48 17
48 26
48 28
48 30
48 38
48 42
49 6
49 7
49 25
50 2
50 25
50 29
50 31
50 34
50 50 143
1 23
1 33
1 49
2 9
2 37
2 42
3 4
3 20
3 23
3 39
4 9
4 13
4 23
4 39
5 13
5 17
5 36
5 47
6 8
6 36
7 29
8 14
8 29
8 33
8 34
8 43
8 49
9 9
9 40
10 9
10 35
11 2
11 9
11 24
11 26
11 37
11 41
12 33
12 36
13 11
13 39
13 49
14 6
14 19
14 20
14 24
14 28
15 17
15 27
15 45
16 13
16 31
17 21
17 22
17 29
17 49
18 9
18 18
18 31
18 47
19 1
19 9
19 21
19 29
19 32
19 47
20 3
20 42
20 44
21 26
21 44
21 50
22 2
22 28
22 48
22 49
22 50
23 36
24 15
25 2
25 41
27 9
27 50
28 38
29 1
29 3
29 16
29 36
29 37
30 29
30 40
30 50
31 7
31 10
31 14
31 23
31 29
32 5
33 6
33 20
33 29
33 35
34 13
34 45
34 46
35 39
35 42
37 4
37 27
37 31
38 16
38 23
38 26
38 28
38 42
38 48
39 39
41 19
41 41
42 7
42 22
42 26
42 30
42 40
43 6
43 13
43 26
43 33
43 38
44 4
44 7
44 20
44 21
44 41
44 47
45 50
46 7
46 30
46 41
47 47
49 5
49 48
50 5
50 50 174
1 41
1 42
2 15
2 26
2 27
2 46
3 36
4 12
4 19
4 21
4 24
5 14
5 26
5 27
5 32
6 14
6 16
6 18
6 32
6 42
6 45
6 50
7 3
7 6
7 22
7 37
7 45
7 47
7 50
8 24
9 2
9 24
9 26
9 28
9 34
9 42
9 46
10 9
10 34
11 21
11 27
11 43
12 16
12 39
13 21
13 25
13 37
14 3
14 6
14 7
14 44
14 48
15 14
15 34
15 39
16 15
16 42
17 21
17 34
17 47
17 49
18 4
18 6
18 14
19 12
20 8
20 15
20 48
21 1
21 16
21 25
21 48
22 5
22 17
22 20
23 14
23 33
24 15
24 25
24 48
25 3
25 20
26 8
26 19
26 28
27 3
27 11
27 22
27 29
27 43
27 45
27 50
28 3
28 13
28 17
28 34
28 38
29 4
29 5
29 16
29 36
29 46
30 1
30 7
30 9
30 37
30 48
31 1
31 17
31 20
31 26
31 31
31 47
31 49
32 6
32 10
32 12
32 40
32 48
33 42
34 10
34 17
34 37
34 38
35 44
35 47
36 12
36 18
36 23
36 42
37 1
37 2
37 25
38 12
38 17
38 18
38 26
38 33
38 42
38 47
39 16
39 18
39 26
40 2
40 14
40 29
41 30
41 39
42 8
42 28
42 41
43 10
43 31
43 50
44 6
44 7
44 8
44 37
45 23
45 38
45 49
46 26
46 47
48 7
48 22
48 25
49 22
49 24
49 25
49 31
49 40
50 9
50 29
50 39
50 50 167
1 13
1 14
1 27
2 5
2 14
2 44
3 9
3 26
3 29
3 32
3 48
4 5
4 29
5 2
5 7
5 14
5 18
5 21
5 23
6 5
6 24
6 26
6 27
7 4
7 43
8 14
8 29
9 27
9 31
9 35
9 46
10 2
10 39
11 7
11 23
11 37
11 50
12 34
13 3
13 35
13 39
14 40
15 5
15 18
16 13
16 25
16 28
16 30
16 43
17 6
17 14
17 17
18 27
18 29
18 30
19 1
19 3
19 39
19 40
19 43
19 47
20 2
20 32
20 35
20 36
21 1
21 17
21 35
21 41
22 1
22 7
22 28
22 35
23 13
23 14
23 24
23 35
23 41
23 46
23 47
24 9
24 13
24 16
24 24
24 33
24 44
25 12
25 33
25 42
25 46
26 15
26 21
26 28
27 18
27 21
27 43
28 3
28 14
28 41
28 48
29 20
29 30
29 50
30 39
30 48
31 37
32 24
32 28
32 39
33 39
33 40
33 48
34 25
34 32
34 44
35 5
35 16
35 34
35 35
35 41
36 14
36 15
36 24
36 36
37 24
37 40
37 43
38 8
38 12
39 2
39 39
39 40
39 48
40 42
41 4
41 14
41 17
41 42
42 2
42 3
42 11
42 41
43 17
43 34
44 20
44 43
44 44
44 47
45 3
45 21
46 16
46 26
46 30
46 35
47 1
47 9
47 11
47 29
47 30
47 32
47 41
48 19
49 4
49 36
50 11
50 22
50 24
50 50 147
1 46
2 11
2 46
2 48
3 2
3 10
3 15
3 28
4 43
4 48
5 23
5 34
6 5
6 12
6 34
7 11
7 32
7 34
7 45
9 18
9 34
9 37
10 10
10 23
10 30
10 45
11 5
11 6
12 3
12 15
12 17
12 29
12 40
13 3
13 16
14 30
14 47
15 28
16 31
16 35
16 42
16 47
17 17
17 31
18 4
18 15
19 10
19 17
19 38
20 7
21 1
21 13
21 14
21 15
21 43
21 47
22 18
22 19
22 30
22 36
22 42
23 6
23 8
23 11
23 26
23 38
23 40
23 45
23 46
24 19
24 22
24 29
25 1
25 22
25 25
25 29
25 32
26 38
27 22
27 50
28 3
28 18
28 24
29 5
29 23
29 35
30 15
30 17
30 40
31 6
31 7
31 11
32 18
32 24
32 48
33 45
34 2
34 12
34 21
34 25
35 13
35 16
35 21
35 30
35 37
36 21
36 41
37 3
38 28
38 36
39 31
39 34
39 46
40 46
41 9
41 14
41 32
42 28
42 39
42 45
42 47
43 17
43 20
43 27
43 30
44 6
44 12
44 17
44 38
45 4
45 18
46 14
46 36
47 4
47 29
47 37
47 38
48 2
48 13
48 25
48 46
49 15
49 21
49 23
50 20
50 39
50 44
50 50 147
1 32
1 33
1 34
1 35
2 13
2 32
2 33
2 46
3 6
3 40
4 16
4 32
4 34
4 39
4 42
5 7
5 31
5 39
5 41
6 8
6 45
7 8
7 9
7 15
7 20
7 50
8 6
8 43
8 49
9 7
9 9
9 20
9 25
10 14
10 20
10 21
10 50
11 6
12 2
12 23
12 32
12 36
12 47
13 7
13 24
13 44
14 37
14 38
14 43
15 3
15 5
15 26
15 33
15 48
16 13
16 31
17 8
17 15
17 23
17 49
18 5
18 13
19 20
19 31
20 4
20 5
20 10
20 19
20 37
21 21
21 35
21 36
22 4
22 17
23 14
23 17
24 21
24 37
25 5
25 19
25 32
26 14
26 18
26 28
26 32
26 50
27 19
27 33
27 45
28 7
28 30
29 8
29 11
29 12
29 50
30 34
30 46
31 45
32 32
32 36
33 2
33 18
33 19
34 21
34 27
34 37
34 42
35 11
35 21
36 39
37 41
38 5
38 24
38 37
39 3
39 22
40 2
40 27
40 39
41 24
41 45
42 29
42 42
42 48
42 50
43 25
43 32
43 41
44 20
44 28
44 48
45 1
45 6
45 15
45 20
45 31
45 41
46 21
46 41
47 8
47 26
48 30
48 38
49 9
49 32
50 10
50 40
50 50 165
1 8
1 38
1 48
2 5
2 21
2 47
4 16
5 6
5 9
5 10
5 19
5 26
5 28
5 42
6 16
6 24
6 31
7 9
7 26
7 48
8 10
8 18
8 32
9 1
9 43
11 33
11 48
12 22
12 24
12 27
12 49
13 12
13 16
13 23
13 35
13 44
13 47
14 12
14 17
14 33
15 43
16 7
17 3
17 26
17 33
17 38
17 49
18 2
18 5
18 21
18 27
18 44
19 5
19 18
19 30
20 19
20 31
20 47
20 48
21 26
21 31
22 15
22 25
23 12
23 17
23 37
23 49
24 2
24 9
24 20
24 26
24 30
24 32
24 50
25 6
25 7
25 9
25 26
25 30
25 42
25 46
26 4
26 7
27 14
28 2
28 4
28 5
28 32
28 35
29 7
29 20
29 29
29 47
30 11
30 25
30 28
30 45
30 47
31 4
31 8
31 19
31 32
31 37
32 16
32 45
32 49
33 23
33 50
35 11
35 30
36 3
36 10
36 27
36 29
36 38
36 41
36 44
37 36
38 1
38 18
38 26
39 18
40 6
40 7
40 10
40 26
40 42
41 20
41 29
41 31
41 50
42 1
42 7
42 26
42 42
42 43
42 48
43 14
43 38
44 4
44 41
45 11
45 31
45 43
46 14
46 25
46 29
47 3
47 6
47 13
47 25
47 29
47 50
48 24
48 35
49 6
49 10
49 13
49 16
49 31
50 4
50 20
50 44
50 45
50 49
50 50 159
1 4
1 11
1 33
1 45
2 38
3 27
3 38
4 1
4 28
4 35
5 7
5 21
5 34
5 44
6 10
6 12
6 17
6 22
6 26
7 13
7 24
7 40
7 46
8 16
8 40
8 45
9 1
9 38
10 8
11 4
11 10
11 17
11 35
12 2
12 14
13 17
13 21
13 22
13 23
13 44
14 13
14 32
15 15
15 39
15 40
16 12
17 20
18 8
18 13
18 14
19 1
19 15
19 28
19 30
19 36
20 25
20 29
20 42
20 44
21 15
21 38
21 43
21 44
22 5
22 16
22 25
23 4
23 8
24 9
24 15
24 20
25 4
25 29
25 31
25 39
25 45
26 7
26 8
26 41
26 50
27 12
27 33
28 33
28 45
29 5
29 10
29 16
29 50
30 8
31 7
32 15
32 21
32 43
32 45
32 50
33 6
33 35
33 40
33 44
34 12
34 20
34 35
34 36
34 39
35 1
35 6
35 12
36 47
37 47
38 15
38 34
38 49
39 49
40 10
40 22
40 35
40 45
41 5
41 7
41 20
41 31
42 3
42 12
42 14
42 16
42 20
43 9
43 21
43 26
43 43
44 10
44 12
44 14
44 29
44 34
44 45
45 13
45 28
45 30
45 46
46 15
46 20
46 23
47 9
47 13
47 32
47 43
48 15
48 20
48 33
48 36
48 47
49 15
49 25
49 29
50 11
50 12
50 41
50 50
50 50 165
1 28
1 48
2 2
2 17
3 8
3 20
3 26
3 44
4 17
4 19
4 22
4 36
4 43
5 5
5 30
6 11
6 19
6 26
6 36
7 14
7 18
7 37
8 34
9 3
9 13
9 17
10 18
10 48
11 6
11 23
11 25
11 33
11 41
11 46
12 5
12 9
12 33
12 38
12 44
12 50
13 44
13 48
14 6
14 8
14 25
14 34
14 37
15 29
15 34
15 37
15 48
16 5
16 7
16 10
16 21
16 39
17 13
17 45
19 11
19 48
19 50
20 5
20 6
20 19
20 36
20 47
21 6
22 23
22 24
23 14
23 24
23 35
23 42
23 43
23 45
24 6
24 22
24 45
25 12
25 23
25 24
26 9
26 12
26 33
26 45
27 2
27 14
27 29
27 49
28 10
28 18
28 39
28 44
28 48
29 47
30 10
30 18
30 39
31 9
31 20
32 9
32 10
32 34
32 35
33 3
33 26
34 10
35 6
35 23
35 27
35 36
35 38
35 44
35 45
36 44
36 45
37 7
37 13
37 29
38 1
38 7
38 31
39 9
39 33
39 39
39 44
39 46
40 17
40 21
41 26
41 43
42 18
42 20
42 29
42 39
42 41
43 4
43 11
43 17
43 21
43 31
44 9
44 21
44 37
44 40
44 42
44 48
44 49
44 50
45 6
46 14
46 28
47 39
47 43
48 4
48 17
48 20
48 45
48 48
49 11
50 2
50 7
50 19
50 37
50 47
50 50 182
1 12
1 41
2 8
2 14
2 34
2 41
3 19
3 39
3 44
4 1
4 19
4 38
4 43
4 47
5 44
6 1
6 31
6 41
7 10
7 40
8 21
8 48
9 3
9 7
9 11
9 17
9 19
9 40
10 1
11 3
11 6
11 30
11 33
11 36
12 8
12 22
12 36
12 39
13 42
13 47
14 10
14 14
14 17
14 18
14 39
14 45
14 46
14 49
15 7
15 29
16 8
16 9
16 13
16 32
17 1
17 16
17 37
18 10
18 22
18 26
18 30
19 2
19 12
19 34
20 6
21 2
21 14
21 28
21 29
21 34
21 43
22 21
23 11
23 43
23 49
24 8
24 33
24 35
25 11
25 14
25 29
25 31
25 47
26 7
26 13
26 31
26 45
26 47
28 15
28 21
29 7
29 16
29 17
29 36
30 7
30 10
30 41
30 42
30 46
31 3
31 32
31 33
32 2
32 45
32 50
33 6
33 18
33 30
33 36
33 43
33 49
34 8
34 28
34 41
34 46
35 5
35 30
35 43
36 26
36 32
37 7
37 18
37 29
37 41
37 43
37 46
38 2
38 25
39 50
40 14
40 15
40 22
40 27
40 31
40 40
40 45
41 20
41 23
42 11
42 15
42 18
42 22
43 8
43 10
43 13
43 25
44 3
44 4
44 6
44 13
44 15
44 21
44 26
44 32
44 38
44 47
44 48
45 13
45 17
45 19
45 34
46 4
46 12
46 25
46 35
46 49
47 14
47 24
47 28
48 7
48 11
48 25
48 31
48 45
48 46
48 47
49 26
49 42
50 3
50 7
50 20
50 25
50 50 189
1 1
1 3
1 12
1 15
1 31
1 37
1 48
2 44
2 49
3 6
3 32
4 12
4 37
4 42
4 49
5 10
5 34
6 2
7 1
7 8
7 21
7 35
8 1
8 10
8 24
8 36
8 44
8 46
9 35
9 45
10 5
10 18
10 30
10 39
10 43
11 17
12 6
12 17
12 21
12 27
13 3
13 14
13 31
13 36
14 14
14 17
14 26
14 32
14 47
14 49
15 24
15 32
15 36
15 40
15 49
16 19
16 28
16 29
16 33
16 39
18 23
18 48
19 12
19 17
19 22
19 26
19 29
19 42
19 48
20 20
20 29
20 36
20 48
21 1
21 2
21 4
22 21
22 42
23 13
23 25
23 39
23 42
24 1
24 6
24 12
25 15
25 49
25 50
26 4
26 25
27 9
27 13
27 34
27 39
28 16
28 39
28 47
29 14
29 16
29 26
29 32
29 36
30 14
30 20
30 25
30 46
31 5
31 10
31 16
31 29
31 32
32 6
32 40
32 44
33 3
33 33
33 39
33 48
34 3
34 17
34 26
34 28
34 29
35 1
35 14
35 29
35 42
36 36
36 42
36 49
37 16
37 36
37 43
38 13
38 19
38 22
38 48
38 50
39 3
39 5
39 10
39 12
39 14
39 18
39 42
40 8
40 17
40 33
41 3
41 8
42 14
42 23
42 32
43 11
43 46
44 3
44 24
44 27
44 42
45 1
45 2
45 7
45 8
45 24
45 25
45 37
46 8
46 19
46 21
46 26
46 44
47 26
47 27
47 28
47 50
48 4
48 5
48 15
48 20
48 39
48 48
49 2
49 39
49 41
49 50
50 14
50 24
50 33
50 39
50 50 169
1 17
1 20
1 21
1 44
2 3
2 12
2 24
2 32
2 35
3 12
3 45
3 48
4 25
4 49
5 33
5 38
5 43
6 20
6 43
6 48
8 5
8 26
9 10
9 37
9 38
10 14
10 26
10 27
10 46
11 3
11 5
11 8
11 14
11 26
11 35
11 44
12 4
12 10
12 19
12 32
12 38
12 40
12 48
13 11
13 28
13 48
14 3
14 14
14 19
14 26
14 27
14 40
14 43
15 3
15 11
15 21
15 24
15 35
16 5
16 8
16 9
16 17
16 26
16 29
16 30
16 36
17 18
17 34
17 44
18 18
18 32
18 37
18 43
18 45
19 12
19 42
20 7
20 14
20 35
20 38
20 44
21 10
21 36
21 45
22 13
22 30
22 38
23 25
23 26
23 29
24 14
24 24
24 29
24 41
24 44
25 18
25 28
25 38
25 48
26 23
26 37
26 47
27 40
28 6
28 7
28 45
28 46
29 12
29 28
30 16
30 27
30 38
30 44
31 17
31 45
32 4
32 5
32 25
32 28
32 46
33 4
33 9
33 47
34 10
34 31
34 35
34 46
36 1
36 10
36 33
37 8
37 10
37 16
37 21
38 31
39 36
40 5
40 10
40 14
40 17
40 19
40 21
40 46
41 13
41 21
41 30
41 34
42 4
43 1
43 27
43 32
43 33
43 45
44 1
44 9
44 17
45 17
46 32
46 39
47 11
47 41
48 40
48 41
49 7
49 16
49 40
49 42
49 48
50 25
50 50 150
1 2
1 48
2 14
2 23
2 32
2 40
3 4
3 28
3 29
3 36
6 1
6 30
6 37
6 41
7 13
7 14
8 3
8 33
8 45
8 49
9 18
9 38
10 13
10 14
10 19
10 30
11 22
12 7
12 12
13 18
13 33
13 46
14 2
14 10
14 16
14 29
14 34
15 9
15 22
16 5
16 16
16 22
16 28
16 41
17 1
17 11
18 10
18 32
18 43
18 48
19 6
19 46
20 9
20 29
21 7
21 18
21 30
21 31
21 34
21 50
22 3
22 45
23 2
23 10
23 25
23 43
24 8
24 10
24 23
24 28
24 46
25 12
25 17
25 25
25 50
26 2
26 19
26 20
26 41
27 14
27 44
29 5
29 8
29 12
29 17
29 23
29 44
30 47
31 3
31 4
31 26
31 46
32 31
32 36
33 13
33 21
33 30
33 33
33 44
34 18
35 1
35 15
35 25
36 2
36 17
36 34
36 41
37 29
38 37
38 40
39 10
39 43
40 40
40 46
41 6
41 11
41 26
41 30
42 21
42 31
42 46
42 47
43 17
43 23
43 47
44 5
44 22
45 10
45 27
45 35
46 14
46 27
47 13
47 24
47 33
47 46
47 50
48 22
48 24
48 27
49 6
49 20
49 26
49 34
49 41
49 48
50 20
50 28
50 44
50 48
50 50 145
1 5
1 9
1 24
1 27
1 36
2 15
2 16
2 19
3 1
3 20
3 26
3 27
3 39
4 5
4 8
4 25
4 42
5 2
5 17
5 30
5 33
6 6
7 15
7 37
7 38
8 8
8 23
8 27
9 11
9 19
9 21
9 43
10 35
12 8
12 17
12 43
13 46
14 4
14 8
14 33
15 7
15 29
15 40
15 50
16 11
16 42
16 46
17 4
17 14
17 19
17 45
18 17
18 28
18 45
18 48
19 18
19 23
19 27
20 15
20 25
20 38
21 48
22 19
22 28
22 37
22 48
22 50
23 1
23 6
23 24
24 20
24 41
24 48
25 1
25 10
25 22
25 38
25 41
26 12
26 21
26 27
27 8
27 16
28 19
28 45
29 14
29 29
29 48
30 17
30 19
31 3
31 38
31 43
32 18
32 37
32 43
33 2
33 22
33 39
33 48
34 8
34 9
34 19
34 41
35 8
35 11
35 16
35 25
35 47
36 20
36 38
38 3
38 7
38 14
38 44
39 7
39 36
39 42
39 43
39 47
40 36
41 23
41 33
42 2
42 5
42 21
42 30
42 35
42 45
42 47
43 6
43 29
43 40
44 36
44 42
45 37
45 43
47 23
48 17
48 30
49 24
49 32
50 1
50 3
50 34
50 50 148
1 26
2 2
2 4
2 9
2 26
2 42
2 50
3 9
3 13
3 36
3 41
4 23
4 25
4 33
4 39
5 3
5 35
6 1
6 8
6 47
7 26
8 28
8 31
8 35
8 48
9 8
9 34
9 38
10 17
10 21
11 13
11 17
12 1
12 19
12 26
12 36
13 23
13 24
13 33
14 1
14 31
14 42
15 8
15 10
15 19
15 22
15 43
16 11
16 13
16 21
16 34
17 4
17 22
17 49
18 6
18 17
18 30
18 46
18 47
18 48
19 39
20 5
20 16
20 28
21 24
21 46
21 47
22 2
22 5
22 8
22 19
23 16
23 48
24 25
24 28
24 44
25 28
26 6
26 31
26 49
27 9
27 12
28 8
29 17
29 40
30 3
30 25
30 37
30 47
31 19
31 23
31 24
31 40
33 16
33 45
34 32
34 49
35 6
35 36
36 2
36 20
37 36
38 1
38 15
38 18
38 33
39 18
39 26
39 32
39 50
40 1
40 8
40 40
40 41
41 8
41 10
41 19
41 22
41 42
42 1
42 9
43 37
44 6
44 12
44 35
44 45
45 10
45 11
45 20
45 33
45 41
46 7
46 17
46 22
46 32
47 14
47 31
47 43
48 1
48 22
49 11
49 21
49 23
49 32
49 40
49 46
50 3
50 31
50 50 173
2 3
2 12
2 36
3 3
3 21
3 28
3 29
3 36
5 6
5 15
5 35
6 8
6 10
6 27
6 28
7 19
7 31
7 46
9 1
9 5
9 8
9 40
10 11
10 22
10 25
10 35
11 8
11 10
11 12
11 14
11 18
11 32
11 35
12 3
12 17
12 47
13 14
13 25
13 28
13 44
14 2
14 30
14 33
14 34
14 39
14 46
15 8
15 11
15 35
15 37
16 16
16 41
16 44
17 17
17 37
17 45
18 5
18 7
18 18
18 22
19 1
19 19
19 28
20 3
20 24
20 44
21 10
21 11
21 21
21 37
22 30
23 21
23 23
23 38
23 47
24 10
24 16
24 18
24 19
24 26
24 34
24 41
25 5
25 8
25 13
25 37
25 45
26 3
26 17
26 25
26 31
26 33
26 50
27 10
27 15
27 19
27 20
27 40
28 12
28 45
29 5
29 17
29 24
29 49
30 25
30 26
30 32
30 42
30 47
31 26
31 37
32 4
32 7
32 19
32 21
32 25
32 43
32 48
33 18
33 37
33 43
33 45
34 21
35 29
35 46
36 26
37 5
37 21
37 27
37 39
37 44
37 50
38 17
38 32
38 43
39 6
39 30
39 45
40 13
40 47
41 13
41 19
42 20
42 41
42 43
43 19
43 27
43 34
43 35
43 45
44 36
44 44
45 9
45 26
45 41
46 14
46 47
46 49
47 8
47 11
47 16
47 17
47 20
47 32
47 45
48 26
48 29
48 36
48 38
48 46
50 1
50 9
50 27
50 50 169
1 1
1 7
1 26
1 27
1 31
1 33
1 40
1 44
2 17
2 31
2 35
2 43
3 36
3 44
4 4
5 3
5 10
5 15
5 20
5 35
5 37
6 29
7 5
7 16
7 38
7 47
7 49
8 4
8 47
10 1
10 15
10 26
10 37
10 45
11 42
12 18
12 40
12 41
12 44
13 3
13 26
13 40
13 41
14 10
14 18
14 43
15 8
15 20
15 29
15 34
15 40
15 45
16 8
17 6
17 24
17 31
18 2
18 8
18 13
18 17
18 19
18 34
19 2
19 18
19 35
20 48
21 43
21 50
24 8
24 17
24 24
24 25
24 46
24 47
25 21
25 35
25 38
25 41
25 50
26 18
26 21
26 37
26 44
27 1
27 6
27 7
27 31
28 34
28 37
29 4
29 19
29 24
29 37
30 27
30 43
30 46
31 2
31 28
31 44
32 2
32 18
32 32
32 38
32 39
32 42
33 44
34 9
34 15
34 35
34 50
35 6
35 15
35 25
35 34
35 37
36 12
36 22
36 26
36 28
37 18
37 19
37 38
38 13
38 33
39 20
39 28
39 39
40 8
40 24
40 28
40 36
40 39
40 45
41 5
41 38
43 1
43 16
43 22
43 24
43 28
44 21
44 23
44 29
44 43
45 18
45 33
46 10
46 11
46 14
47 8
47 15
47 17
47 33
47 34
47 36
47 39
48 4
48 11
48 14
48 17
48 26
48 43
48 47
49 5
49 9
49 11
49 30
49 32
50 10
50 50 146
1 19
1 30
1 31
2 15
2 19
2 26
3 6
3 18
4 25
5 46
5 48
6 7
6 9
6 25
6 35
6 45
6 48
7 23
7 26
7 31
8 8
8 9
8 21
8 31
9 24
9 38
9 44
9 45
10 14
10 19
11 1
11 43
11 44
12 4
12 38
12 46
13 11
13 33
13 34
13 35
13 44
14 11
14 20
14 34
14 39
15 9
15 28
16 8
17 2
17 17
17 34
17 37
18 8
18 16
18 33
18 48
19 6
19 23
19 28
19 47
20 44
21 10
21 24
21 50
22 5
22 8
22 12
23 32
23 35
24 49
25 7
25 25
26 4
26 12
26 21
26 42
26 43
26 44
27 7
28 4
28 26
28 27
28 30
29 9
29 19
29 38
30 8
30 10
30 15
30 30
30 33
30 50
31 10
31 12
31 30
31 34
31 44
32 1
32 6
32 44
32 46
33 5
33 18
33 29
33 36
33 43
34 19
34 30
34 35
35 23
35 27
35 46
35 48
36 45
37 14
38 7
38 34
38 38
38 45
39 1
39 9
39 22
40 1
41 22
41 40
42 3
42 36
43 12
44 13
44 32
44 34
45 37
45 45
45 49
46 14
46 20
46 27
46 28
46 30
47 13
48 19
48 48
49 23
50 9
50 14
50 21
50 50 155
1 4
1 27
1 32
1 42
1 43
2 28
3 7
3 11
3 20
3 26
4 19
4 38
5 4
5 8
5 17
5 19
6 5
6 14
6 36
6 44
6 50
7 3
7 15
7 25
7 36
7 48
8 5
8 6
8 8
8 12
8 27
9 24
9 35
10 5
10 8
10 44
11 22
11 25
11 29
11 35
12 4
12 5
12 12
12 18
12 30
12 50
13 1
13 18
13 36
13 38
14 25
15 17
15 22
15 33
16 10
17 23
17 45
18 15
18 23
18 26
18 32
18 44
19 24
19 28
19 30
19 48
20 11
20 16
20 30
21 29
22 36
22 39
23 13
23 28
24 6
24 11
24 31
25 4
25 14
25 18
25 38
25 50
26 44
26 49
26 50
27 1
27 7
27 37
27 47
28 19
29 6
29 44
30 8
30 12
30 26
30 37
31 34
31 46
32 22
32 38
33 14
33 15
33 24
33 26
34 17
34 43
35 14
35 37
35 44
36 31
36 37
36 40
37 44
38 15
38 46
40 12
40 24
40 29
40 37
40 39
41 30
41 46
42 12
42 18
42 35
43 5
43 15
44 45
44 47
45 11
45 26
45 33
46 8
46 21
46 36
47 10
47 15
47 23
47 35
47 36
47 44
47 50
48 3
48 17
48 28
48 31
48 47
49 10
49 12
49 24
49 29
50 10
50 15
50 38
50 41
50 50 163
1 19
1 33
1 42
1 50
2 3
2 7
2 33
2 38
3 29
4 3
4 30
5 12
5 24
5 33
5 37
5 41
5 49
6 5
6 7
6 17
6 39
7 19
8 41
8 49
9 12
9 32
10 25
10 37
10 42
10 47
10 50
11 2
11 36
11 38
12 2
12 41
12 47
12 50
13 20
13 25
13 31
13 43
13 45
13 47
14 11
14 43
15 14
15 36
16 2
16 7
16 42
17 3
17 30
17 39
17 50
18 5
18 12
18 24
18 25
19 38
19 42
19 48
20 8
20 46
21 50
22 1
22 15
22 16
22 39
22 42
23 12
23 16
24 13
24 30
24 41
24 44
24 46
25 24
25 32
26 5
26 9
26 48
27 11
27 24
28 6
28 26
28 49
29 12
30 29
31 2
31 7
31 10
31 16
31 30
31 34
31 35
31 38
31 43
32 28
32 35
32 37
32 49
33 4
33 5
33 26
33 31
34 40
34 45
34 46
34 50
35 8
35 15
35 21
35 27
35 29
35 32
35 33
35 36
35 39
36 18
36 25
37 34
37 39
37 40
37 44
37 46
38 39
39 30
39 36
40 32
41 21
41 26
41 35
41 44
41 46
42 8
42 16
42 50
43 10
44 3
44 10
44 16
44 26
44 34
45 10
45 24
46 21
46 28
47 3
47 14
47 32
47 36
47 43
47 50
48 16
48 21
48 24
49 8
49 9
49 42
50 9
50 21
50 47
50 50 166
1 29
1 37
2 5
2 8
2 21
2 24
2 50
3 11
4 28
4 37
4 45
5 16
5 19
5 40
6 9
6 20
7 15
7 23
8 4
8 12
8 13
8 27
8 32
8 35
8 38
8 47
9 18
10 1
10 6
10 49
10 50
11 14
11 34
12 1
12 13
12 20
12 25
12 36
12 43
12 47
12 48
12 49
13 5
13 12
13 31
14 12
14 23
14 25
14 47
15 50
16 36
16 39
17 9
17 15
17 17
17 20
17 30
18 1
18 3
18 25
18 38
18 49
19 15
20 11
20 20
20 24
20 37
20 39
21 18
21 22
21 27
21 35
21 47
22 20
22 24
22 43
23 21
24 2
24 12
24 21
24 34
25 8
25 15
25 41
26 35
26 49
27 1
27 3
27 5
27 15
27 20
27 22
27 31
28 40
29 1
29 6
30 6
30 8
30 22
30 24
30 26
31 8
31 12
31 45
31 48
32 15
32 32
32 34
33 3
33 9
33 22
33 24
33 33
34 33
34 40
34 45
35 1
35 19
36 8
36 19
36 33
37 7
37 15
37 40
37 46
38 5
38 30
38 47
39 9
39 19
39 22
39 26
40 36
41 26
41 36
41 43
42 36
43 20
43 25
43 27
44 30
44 36
45 2
45 6
45 36
46 8
46 10
46 32
46 43
46 45
46 50
47 8
47 20
47 22
47 33
47 38
47 45
47 46
48 3
48 11
48 25
48 39
48 42
49 2
50 8
50 31
50 50 153
1 10
1 20
1 37
1 38
1 39
3 21
3 28
4 6
4 8
4 17
4 18
4 43
5 15
5 24
5 25
5 33
5 37
6 4
6 11
6 12
6 21
6 44
6 49
7 21
7 27
7 28
7 32
7 38
7 42
7 46
7 47
8 15
9 2
9 42
10 4
10 31
11 7
11 8
11 30
11 43
12 41
12 45
13 7
13 12
14 32
14 45
14 48
15 27
15 36
16 9
16 16
16 36
16 46
17 4
17 43
18 17
18 30
18 36
19 19
19 20
19 42
19 44
21 23
22 23
22 32
22 38
22 40
22 44
22 49
23 10
24 13
24 34
24 37
24 50
25 42
26 7
26 18
26 25
26 31
26 34
26 39
27 4
27 14
27 34
27 41
27 47
28 2
28 25
28 30
28 39
29 42
31 22
31 31
31 45
31 47
32 3
32 9
32 12
32 31
32 34
33 20
33 45
34 14
34 21
34 35
35 42
35 49
36 31
36 35
36 40
36 41
36 44
37 7
37 10
38 7
38 17
38 20
38 28
40 22
40 28
40 35
40 47
41 6
42 12
42 45
42 49
42 50
43 14
43 39
43 43
43 47
44 36
44 45
45 6
46 30
47 2
47 11
47 18
47 19
47 24
47 46
47 49
48 18
48 22
48 30
48 42
49 4
49 27
49 38
50 1
50 34
50 35
50 50
50 50 160
1 15
1 40
2 9
2 15
2 26
2 33
2 41
2 47
3 23
3 29
4 22
4 28
4 41
4 44
5 2
5 13
5 40
5 42
6 7
6 12
6 16
6 34
6 38
6 50
7 46
9 20
10 8
10 9
10 37
10 44
10 45
10 46
11 11
11 17
11 44
12 8
12 10
12 19
12 24
12 32
12 45
12 46
13 44
13 50
14 1
14 33
14 34
15 42
15 49
16 35
17 4
17 12
17 17
17 19
17 29
17 42
17 47
17 50
18 26
18 50
19 16
19 25
19 32
19 50
20 16
20 21
20 30
21 9
21 39
22 18
22 31
23 2
23 15
23 21
23 38
24 10
24 21
24 43
24 47
24 49
25 9
25 14
25 16
25 20
25 25
26 10
26 13
26 19
26 23
27 31
27 44
28 38
28 50
29 25
29 42
30 9
30 14
31 14
31 19
31 31
31 36
31 44
32 45
33 10
33 12
33 23
33 40
33 45
34 2
34 12
34 14
35 1
35 5
35 11
35 29
36 46
36 50
37 9
37 38
38 31
38 32
38 46
38 49
39 1
39 16
39 26
39 28
40 6
40 21
40 41
41 27
41 47
42 5
42 11
42 49
43 31
44 1
44 17
44 28
44 29
44 32
44 38
45 1
45 23
45 33
45 37
45 39
45 42
46 40
46 48
47 7
47 27
48 21
48 34
48 37
49 29
49 42
49 48
49 49
50 3
50 50 159
1 2
1 3
1 19
1 37
1 40
2 12
3 25
3 44
4 5
4 14
4 39
4 40
5 9
5 31
6 8
6 12
7 12
7 22
7 29
7 35
7 37
7 41
8 20
8 36
8 41
9 9
9 12
9 30
10 1
10 50
11 32
11 42
12 4
12 9
12 16
12 28
14 26
15 8
15 12
15 15
15 21
15 43
15 46
16 4
16 7
16 13
16 28
16 44
16 46
16 48
17 21
18 28
18 35
19 21
19 28
20 11
20 23
20 31
21 29
21 37
22 41
22 45
23 13
23 15
24 1
24 16
24 49
25 5
25 9
25 21
25 38
26 3
26 11
26 44
27 3
27 13
27 15
27 38
27 41
28 4
28 11
28 31
28 49
28 50
29 13
29 35
30 21
31 1
31 2
31 17
31 28
31 42
32 24
32 35
33 17
33 31
33 39
33 44
34 14
35 18
35 19
35 27
35 41
35 47
35 50
36 44
36 49
37 19
37 25
37 26
37 31
37 40
37 41
39 10
39 22
39 24
39 26
39 30
39 32
39 35
39 39
39 41
39 46
40 47
41 18
41 25
41 28
41 39
41 42
42 17
42 24
42 44
42 50
43 10
43 18
44 34
44 50
45 9
45 21
45 49
46 2
46 15
46 20
46 25
47 2
47 8
47 14
47 38
47 49
48 5
48 35
48 46
49 46
50 16
50 17
50 26
50 34
50 43
50 45
50 50 186
1 3
1 6
1 32
1 41
2 9
3 30
3 42
3 49
4 2
4 20
4 29
4 45
4 47
4 48
5 1
5 29
5 32
6 12
6 42
7 5
7 14
7 36
8 24
8 27
8 31
8 46
9 4
9 18
9 19
9 20
9 27
9 45
9 49
11 23
11 43
12 20
12 23
12 24
12 46
13 29
13 37
13 48
14 1
14 10
14 11
15 2
15 27
15 32
16 16
16 20
16 35
17 5
17 10
17 21
18 4
18 12
18 15
18 16
19 23
19 41
19 43
19 47
20 19
20 23
20 46
20 48
21 2
21 16
21 49
22 9
22 47
23 2
23 12
23 18
23 20
24 2
24 23
24 28
25 2
25 14
25 17
25 21
25 45
25 48
26 4
26 22
27 10
27 20
27 28
28 19
28 30
28 31
28 41
29 12
29 14
29 27
29 38
30 1
30 7
30 25
30 30
30 33
30 49
31 5
31 25
31 38
32 1
32 8
33 4
33 6
33 32
33 40
33 41
33 42
33 45
34 9
34 23
34 25
35 21
35 37
36 19
36 22
36 24
36 33
36 44
37 8
37 14
37 15
37 22
37 29
37 34
38 3
38 6
38 13
39 1
39 17
39 31
39 37
39 42
40 16
40 30
40 34
40 40
41 3
41 10
41 23
41 29
41 43
42 2
42 19
42 29
42 48
43 1
43 6
43 19
43 21
43 36
44 6
44 20
44 23
44 46
45 6
45 12
45 34
45 46
45 47
46 27
46 43
47 6
47 9
48 18
48 19
48 29
48 31
48 34
49 7
49 10
49 18
49 26
49 30
49 40
50 1
50 20
50 29
50 30
50 33
50 50 166
1 4
1 26
1 32
1 35
2 22
2 28
2 30
2 35
2 36
3 3
3 27
3 37
3 38
4 14
4 37
5 11
5 16
5 17
5 36
6 5
7 8
7 34
7 36
7 37
7 50
8 32
8 49
9 22
9 23
9 32
9 34
9 39
9 41
10 29
11 21
11 38
11 49
11 50
12 7
12 46
13 14
13 49
14 4
14 15
14 49
15 5
15 9
15 48
16 1
16 14
16 28
16 34
16 39
17 28
17 48
18 14
19 3
20 4
20 21
20 26
20 31
20 37
21 18
21 30
22 7
22 20
22 30
22 33
23 3
23 15
23 22
23 24
23 45
24 27
25 26
25 41
25 49
25 50
26 12
26 49
27 1
27 39
27 40
27 50
28 1
28 19
28 41
29 3
29 11
29 25
29 44
29 49
30 14
30 28
30 36
31 23
31 31
31 38
31 43
32 9
32 11
32 14
32 36
33 22
34 9
34 14
34 29
34 30
34 43
35 22
35 30
35 34
36 1
36 11
36 12
36 26
36 28
36 48
36 49
37 1
37 8
37 15
37 17
37 26
37 28
37 38
37 40
38 16
38 29
38 42
39 40
40 20
40 24
40 25
40 41
41 7
41 29
41 40
41 48
42 46
42 50
43 9
43 22
44 7
44 8
44 19
45 21
45 32
45 43
46 10
46 13
47 4
47 46
48 26
48 32
48 38
48 41
49 30
49 33
49 42
49 45
50 1
50 34
50 42
50 43
50 50
50 50 154
1 33
1 45
1 48
2 12
2 19
3 26
3 37
4 6
4 15
4 23
5 22
5 23
5 42
6 31
6 33
7 23
7 28
7 34
8 12
8 14
8 15
8 23
8 50
9 22
9 39
11 7
11 22
11 44
12 9
12 21
13 4
13 34
13 49
14 6
14 30
14 35
15 3
15 21
15 35
16 13
16 16
17 17
17 23
17 37
18 20
18 21
18 40
18 49
19 18
19 23
19 43
19 44
19 48
20 15
20 28
20 30
20 34
20 44
21 20
21 25
22 8
22 23
22 27
22 35
23 11
23 14
23 32
23 47
24 11
24 18
24 23
25 25
25 42
26 29
26 41
27 2
27 15
27 17
27 20
27 32
28 28
28 34
28 38
29 6
29 24
29 29
29 35
29 50
30 21
30 35
31 13
31 16
31 20
32 15
32 43
33 9
33 11
33 19
33 31
33 38
34 10
34 30
35 2
35 14
36 2
36 5
36 41
37 16
37 29
37 34
38 37
38 41
39 1
39 13
39 27
39 47
40 10
40 29
40 37
40 46
41 15
41 17
41 18
41 27
41 31
41 43
41 44
41 46
41 49
41 50
42 3
42 7
42 20
43 14
43 29
43 31
43 44
44 1
44 23
44 31
45 23
45 28
45 37
46 5
47 5
47 7
47 24
48 14
48 21
48 26
48 34
49 3
49 13
49 20
50 50 151
1 22
1 39
1 45
2 36
3 18
3 47
4 22
4 48
5 11
5 48
6 17
6 47
7 16
7 21
7 25
8 15
8 16
9 17
9 31
9 40
10 10
10 14
10 17
10 32
10 50
11 9
12 2
12 3
12 19
12 35
12 39
13 41
14 3
14 12
14 22
14 47
14 50
15 9
15 11
16 23
17 47
17 48
17 49
18 32
18 37
19 19
19 37
20 5
20 16
20 36
20 42
20 45
21 8
21 21
21 35
21 44
22 15
22 25
22 48
23 48
23 50
25 36
26 2
26 5
26 21
26 23
26 50
27 21
27 31
28 48
29 9
29 14
29 30
29 34
29 48
30 12
30 17
30 38
30 42
30 44
31 11
31 30
31 39
32 2
32 6
32 17
32 23
32 25
32 46
33 11
33 22
33 47
34 4
34 11
34 17
34 29
35 27
36 37
36 38
37 5
37 15
37 30
37 38
38 7
38 17
38 35
39 23
39 29
39 31
39 35
39 43
39 47
40 1
40 5
40 25
40 32
40 37
41 6
42 2
42 10
42 11
42 22
42 27
42 44
42 49
42 50
43 3
43 7
43 43
44 19
44 23
44 31
45 9
45 12
45 24
45 26
45 42
46 15
46 30
46 48
47 1
47 2
47 17
47 30
47 31
48 44
49 2
49 22
50 5
50 39
50 50
50 50 176
1 8
1 17
1 18
1 20
2 33
2 40
3 32
4 31
5 7
5 26
5 32
6 1
6 5
6 18
6 24
6 29
6 30
6 41
6 46
7 28
8 14
8 17
8 19
8 33
9 8
10 6
10 9
10 17
10 32
10 36
10 49
11 38
11 40
11 48
12 35
12 37
13 1
13 5
13 16
13 22
13 23
13 31
13 37
14 28
14 48
15 1
15 11
15 20
15 35
15 37
15 46
15 47
16 8
16 9
16 27
16 43
16 46
17 2
17 5
17 6
17 8
17 31
17 32
17 40
18 9
18 16
19 1
19 38
20 26
20 30
20 33
20 37
20 47
21 6
21 10
21 14
21 21
21 48
22 9
22 15
22 38
23 5
23 6
23 31
24 1
24 3
24 9
24 49
25 5
25 30
25 35
25 43
26 5
26 7
26 22
26 27
26 41
26 48
27 9
27 19
27 44
27 48
28 29
28 38
28 47
29 5
29 8
29 13
29 14
29 25
29 28
29 48
30 41
31 15
31 34
31 42
32 10
32 20
32 23
32 28
33 7
33 9
33 10
33 22
33 48
33 50
34 15
34 25
35 1
35 25
35 28
36 46
37 29
38 30
38 37
38 38
39 13
39 22
39 33
39 34
39 38
39 49
39 50
40 12
40 25
40 47
40 50
41 7
41 13
41 47
42 40
42 41
42 45
42 46
43 13
43 39
43 41
43 44
44 21
44 24
44 45
45 21
45 27
46 13
46 14
47 8
47 14
47 22
48 10
48 13
48 14
49 6
50 18
50 22
50 23
50 37
50 50 169
1 30
1 37
1 38
1 42
2 5
2 24
2 30
2 32
2 35
2 37
3 15
3 18
3 24
4 27
4 48
5 23
6 9
6 10
6 32
7 11
7 32
7 43
8 10
8 21
8 24
8 25
9 15
9 26
9 34
9 46
10 8
10 17
10 28
10 32
10 36
10 49
11 9
11 18
11 19
11 25
12 12
13 27
14 13
14 26
14 49
15 20
16 11
16 23
16 26
16 35
16 45
16 46
16 47
17 9
17 26
18 2
18 14
18 37
18 48
19 2
19 4
20 17
20 27
21 3
22 8
22 9
22 13
22 17
22 34
22 36
22 39
22 41
22 44
22 46
22 47
23 20
23 32
24 37
25 2
25 15
26 4
26 27
26 37
26 45
26 46
27 9
27 21
27 29
28 37
28 50
29 28
29 32
29 39
29 43
30 15
30 17
30 19
30 20
30 23
30 36
30 38
30 47
31 34
32 15
32 16
32 23
32 41
32 45
33 16
34 16
34 24
34 30
34 49
35 13
36 5
36 19
36 42
38 4
38 8
38 28
38 33
38 37
39 12
39 28
39 31
40 16
40 21
40 28
40 36
41 23
42 11
43 1
43 6
43 13
44 25
44 28
44 33
44 34
45 23
45 36
45 40
45 43
46 18
46 30
46 41
46 45
46 48
47 12
47 20
47 31
47 38
47 43
48 13
48 22
48 29
48 40
49 8
49 12
49 22
49 30
49 35
49 36
49 44
49 48
49 49
50 13
50 21
50 41
50 47
50 50 176
1 48
2 1
2 11
2 50
3 34
3 42
4 2
4 21
4 34
4 36
4 38
4 40
5 5
5 24
5 31
5 34
5 43
6 4
6 12
6 27
8 12
8 22
8 23
8 32
8 37
9 23
9 44
10 5
10 7
10 17
11 7
11 12
11 19
11 29
11 40
12 14
12 21
12 27
12 41
13 45
13 50
14 8
14 9
15 26
15 32
15 36
16 1
16 9
17 20
17 36
17 37
17 42
18 22
18 30
18 31
19 3
19 17
19 22
19 26
19 45
19 46
19 47
20 16
21 1
21 12
21 16
21 17
21 28
21 37
22 13
22 14
22 37
23 8
23 11
23 12
23 20
23 32
24 3
24 9
24 30
24 37
24 40
24 47
25 12
25 39
25 42
26 14
26 20
26 23
26 32
26 39
27 2
27 23
27 42
27 49
28 6
28 20
28 21
28 23
28 28
28 36
29 19
29 23
29 34
29 41
30 9
30 21
30 34
30 47
31 5
31 12
31 18
31 21
31 26
31 27
31 39
32 19
32 47
33 15
33 25
33 28
33 29
33 38
33 46
34 33
34 39
35 9
35 23
36 17
36 21
36 26
36 27
36 29
36 41
36 43
36 49
37 11
37 18
37 22
38 11
38 37
39 7
39 22
40 2
40 12
41 10
41 34
42 16
42 20
42 24
42 30
43 16
43 25
43 34
43 40
43 48
44 8
44 13
44 20
44 38
44 43
45 2
45 40
46 34
46 35
47 9
47 40
48 49
49 7
49 11
49 13
49 19
49 33
49 48
50 18
50 21
50 50 154
1 1
2 14
2 15
3 11
3 17
3 31
4 4
4 24
4 26
4 40
4 41
4 42
4 47
5 11
6 13
6 19
7 9
7 16
7 30
8 12
8 22
8 24
8 45
9 6
9 17
9 18
10 2
10 33
10 35
11 22
11 40
11 42
12 20
13 22
13 25
14 16
14 30
15 21
15 29
15 36
15 41
15 49
16 8
16 34
16 45
17 2
17 18
17 22
17 37
18 14
18 18
18 35
18 36
18 42
18 45
19 10
19 21
19 28
19 43
20 20
20 25
20 30
20 35
20 37
21 9
21 16
21 32
22 8
22 10
22 13
22 36
23 7
23 20
24 20
24 34
24 39
25 6
25 11
25 18
25 45
26 5
26 45
27 8
27 29
27 31
27 35
27 40
28 11
28 36
28 41
28 50
29 6
29 8
29 35
30 3
30 7
30 8
30 10
30 12
31 3
31 10
31 12
31 18
31 24
31 28
31 32
31 44
32 22
32 23
33 1
33 2
33 17
33 23
33 34
34 33
35 1
35 23
35 36
36 32
36 42
37 1
38 2
38 39
38 40
40 6
40 11
40 31
40 36
41 22
42 44
43 15
43 29
43 45
44 17
44 27
44 45
45 3
45 5
45 32
45 38
45 40
46 1
46 18
46 21
47 16
47 29
47 37
48 7
48 27
48 49
49 44
50 12
50 20
50 37
50 50 171
2 7
2 8
2 14
2 15
2 17
2 33
3 18
3 20
3 33
3 35
3 38
3 48
4 1
4 6
4 26
4 29
4 33
4 34
4 37
5 9
5 16
5 29
6 31
7 14
8 13
8 21
8 22
8 26
8 31
8 38
8 45
9 5
9 10
9 14
9 28
9 39
9 42
10 17
10 18
11 21
11 37
12 10
12 36
13 1
13 48
14 13
14 17
15 11
15 12
15 22
15 45
16 20
16 30
16 33
16 47
17 12
17 18
17 19
17 41
18 1
18 7
18 11
18 12
18 17
18 26
18 27
18 44
18 50
19 5
19 28
19 29
19 31
19 35
20 10
21 20
22 3
22 8
22 24
22 34
22 35
23 33
23 44
23 46
24 19
24 30
25 15
25 35
26 13
26 24
26 26
26 40
27 9
27 17
27 19
27 31
27 33
28 1
28 6
28 13
28 24
28 25
28 49
29 22
29 28
29 44
30 31
30 45
31 2
31 5
31 20
31 23
31 41
31 43
32 5
32 11
32 45
33 4
33 6
33 24
33 28
33 32
33 39
33 40
33 46
34 3
34 10
34 16
34 21
34 22
36 49
37 43
38 36
39 11
39 14
39 17
39 41
40 3
40 31
40 38
40 40
41 8
42 9
42 36
42 41
43 5
43 19
43 38
43 42
44 13
44 28
44 29
44 38
45 18
45 32
45 39
45 40
45 50
46 2
46 3
46 16
47 25
47 34
47 46
48 7
48 27
48 33
49 23
49 37
49 49
50 6
50 49
