50 50 144
1 15
1 23
1 39
2 7
2 27
2 28
2 33
2 42
2 43
3 31
4 32
4 36
4 38
5 1
5 22
5 35
5 39
5 42
6 23
6 43
6 46
7 3
7 14
9 19
9 41
10 10
10 31
10 49
11 40
12 18
12 28
13 25
13 33
13 42
14 19
14 45
16 39
17 7
17 11
17 26
17 36
17 37
18 2
18 10
18 16
19 41
20 11
20 12
20 24
20 28
20 31
20 38
20 39
20 40
20 42
20 48
21 2
21 25
21 26
21 50
22 9
22 29
23 20
23 24
23 32
24 16
24 38
25 4
25 43
26 22
26 32
27 9
27 12
27 49
28 6
28 8
28 31
29 7
29 13
29 36
29 43
30 15
30 36
30 41
31 11
31 20
32 18
32 49
33 10
33 36
33 49
34 46
35 12
35 16
35 18
35 31
35 37
35 43
35 49
35 50
36 23
37 13
37 16
38 28
38 45
38 50
39 8
39 24
40 9
40 22
40 38
40 40
40 41
41 45
41 46
42 22
42 27
43 25
43 31
43 50
44 2
44 31
44 44
44 48
45 1
45 2
45 42
45 50
46 4
46 18
46 19
46 32
46 35
46 37
47 5
47 22
48 6
48 17
48 43
49 35
49 44
50 20
50 27
50 36
