50 50 152
1 31
1 34
3 8
3 29
4 17
4 23
4 30
4 49
4 50
7 10
8 23
8 29
8 39
9 10
9 23
9 35
10 23
10 37
10 39
11 10
11 15
12 14
13 3
13 13
13 20
13 27
13 30
14 5
14 11
14 20
14 46
15 36
16 5
16 26
16 36
18 1
19 8
20 12
20 22
20 23
21 3
21 4
21 10
21 26
21 39
22 11
22 17
22 37
22 50
23 15
23 16
23 17
23 45
25 19
25 29
25 47
25 50
26 11
26 25
26 28
27 14
27 17
27 33
28 1
28 22
28 33
28 34
28 37
28 45
29 5
29 6
29 28
29 40
30 37
30 45
31 7
31 9
31 19
31 24
32 6
32 15
32 50
33 13
33 15
33 19
33 42
34 8
34 15
34 29
34 31
34 46
35 13
35 15
35 38
35 43
35 46
36 5
36 11
36 13
36 46
37 36
37 43
37 47
38 7
38 21
38 24
38 30
38 39
39 33
39 44
40 8
40 31
41 7
41 11
41 16
41 20
41 28
41 33
42 7
42 11
42 31
42 38
42 41
42 50
43 8
43 10
43 13
43 14
44 6
44 30
44 47
45 17
45 18
45 24
46 1
46 4
46 38
46 39
46 47
47 31
47 34
48 26
48 29
48 36
48 46
49 16
49 18
49 20
49 29
49 47
50 1
50 37
