50 50 149
1 10
1 20
1 37
1 38
1 41
2 10
2 11
2 26
2 46
3 6
3 43
4 40
5 27
6 1
6 20
6 26
6 34
6 42
6 46
7 25
7 35
8 35
9 12
9 14
9 28
9 37
9 38
10 18
12 13
12 41
13 38
13 43
13 44
14 2
14 7
14 34
14 39
15 9
15 39
16 13
16 41
16 44
17 18
17 28
18 5
18 14
18 38
18 39
19 13
19 21
19 23
19 30
19 40
19 43
19 49
20 2
20 20
20 27
20 30
20 34
21 12
21 21
21 27
21 37
22 1
22 17
22 29
22 30
22 32
22 34
22 39
23 19
23 31
23 37
24 1
24 16
24 20
25 28
25 48
26 3
26 6
26 14
26 25
26 31
26 32
26 35
26 40
26 45
27 7
27 16
28 46
29 22
30 19
30 23
30 43
30 47
31 30
31 35
31 36
32 15
32 21
32 28
32 29
33 45
34 6
34 25
34 36
35 18
35 30
35 48
36 32
37 1
37 20
37 41
38 13
38 18
38 21
39 29
39 38
40 41
41 33
41 50
42 7
42 34
42 40
43 26
44 5
44 12
44 23
45 31
45 34
45 44
45 45
46 18
46 26
47 10
47 12
47 16
48 1
48 14
48 32
48 50
49 15
49 24
49 40
50 12
50 13
50 31
50 33
