50 50 169
1 10
1 18
1 35
2 4
2 19
2 43
2 44
3 12
3 25
3 32
3 37
3 50
4 21
4 29
5 5
5 21
5 34
5 45
6 19
6 24
6 31
6 44
7 33
7 34
7 39
7 40
8 2
8 4
8 7
8 16
8 22
8 41
8 45
9 2
9 8
9 27
9 47
10 3
10 11
10 13
10 46
11 22
11 35
11 43
11 48
12 13
12 27
14 12
15 9
15 10
15 13
15 42
16 4
16 14
16 31
17 22
18 14
18 26
19 4
19 7
19 48
20 37
20 41
21 21
21 44
22 6
22 15
23 3
23 18
23 29
23 31
23 33
23 34
23 39
23 43
24 1
24 3
24 7
24 10
24 30
24 31
24 33
24 34
24 36
25 31
26 23
26 42
26 48
27 3
27 5
27 36
27 40
28 1
28 45
28 47
29 32
29 36
30 2
30 3
30 10
31 42
32 2
32 3
32 32
32 43
33 7
33 14
33 49
34 11
34 33
34 47
35 4
35 36
35 49
36 17
36 35
36 44
37 14
37 18
37 26
37 48
38 13
38 28
38 48
40 2
40 15
40 26
40 47
41 11
41 40
42 1
42 18
42 19
42 21
42 26
42 27
43 5
43 8
43 17
43 26
43 45
43 48
44 38
44 39
44 48
45 2
45 24
45 44
46 11
46 15
46 16
46 21
47 5
47 18
47 20
47 26
47 41
47 45
47 46
47 50
48 9
48 12
48 19
49 2
49 5
49 8
49 38
50 25
50 30
