50 50 176
1 4
1 11
1 19
2 7
2 15
2 32
2 44
2 46
2 47
3 3
3 8
3 18
3 36
3 44
3 45
3 49
4 31
5 35
5 43
5 47
6 22
6 30
6 32
6 35
6 42
7 20
7 33
8 1
8 9
8 22
8 40
8 50
9 4
10 9
10 41
10 44
11 5
11 10
11 18
11 43
12 7
12 23
12 31
13 9
13 25
13 26
13 28
13 31
13 42
13 47
14 16
14 18
14 44
16 33
16 47
17 22
17 26
17 29
18 2
18 16
19 1
19 5
19 14
19 44
20 20
20 29
20 37
20 47
20 49
20 50
21 26
21 39
22 1
22 31
23 31
24 8
24 10
24 30
24 31
25 25
25 37
25 48
26 7
26 26
26 27
27 5
27 25
28 1
28 18
28 34
28 44
29 29
29 44
29 48
30 6
30 30
30 46
30 47
31 8
31 34
31 44
32 9
32 24
32 41
32 44
33 26
33 45
34 3
34 47
34 48
35 11
35 29
35 34
35 45
36 7
36 10
36 13
36 24
36 27
36 35
36 41
36 43
36 44
37 2
37 5
37 8
37 38
37 49
38 16
38 19
38 20
39 16
39 19
39 27
39 29
39 37
39 44
40 50
41 27
41 40
42 32
43 9
44 7
44 13
44 17
44 18
44 19
45 1
45 3
45 16
45 32
45 37
46 4
46 7
46 10
46 12
46 13
46 24
46 37
46 48
47 7
47 25
47 32
48 10
48 24
48 33
48 34
48 39
49 14
49 23
49 47
50 1
50 15
50 31
50 38
50 44
