50 50 173
1 11
1 17
1 36
1 44
2 6
2 10
2 20
3 16
3 24
4 8
4 29
5 11
5 21
5 49
6 2
6 34
6 44
6 48
7 12
7 15
7 24
8 35
9 9
9 34
9 46
10 2
10 10
10 17
10 21
10 35
10 38
10 41
10 42
10 43
11 11
11 19
11 25
11 28
11 34
12 14
12 34
13 1
13 4
13 32
13 35
13 49
14 9
14 46
15 8
15 35
15 37
16 6
16 23
16 31
17 8
17 29
17 36
17 37
18 4
18 8
18 20
18 28
19 8
19 31
20 18
20 47
21 14
21 31
21 33
21 37
22 1
22 41
23 26
24 33
24 42
25 3
25 21
25 27
25 35
25 42
25 46
26 12
26 15
26 24
26 36
26 37
26 42
26 49
27 4
27 18
27 35
27 41
27 42
28 19
28 22
28 37
28 38
29 4
29 14
29 34
30 2
30 12
30 15
30 28
30 33
30 34
31 15
31 16
31 23
31 37
33 12
33 45
33 49
34 7
34 25
34 39
35 17
35 24
35 30
35 40
35 41
35 42
36 1
36 7
36 15
36 40
37 15
37 22
38 2
38 39
38 44
39 2
39 13
39 36
39 46
40 20
40 31
40 37
40 49
41 14
41 32
41 39
42 22
42 24
42 25
42 33
42 44
43 1
43 26
43 33
44 5
44 10
44 23
44 29
44 33
44 35
45 6
45 33
46 2
46 35
47 4
47 27
47 36
47 45
48 10
48 24
48 38
48 41
49 2
49 10
49 21
49 28
50 23
