50 50 179
1 22
1 27
2 29
2 33
2 40
2 45
2 48
3 3
3 16
3 37
3 44
3 49
4 9
5 1
5 21
5 33
5 36
5 45
6 9
6 14
6 17
6 23
6 29
6 36
6 43
7 9
7 13
8 18
8 22
8 36
8 49
9 6
9 12
9 20
9 39
9 44
9 46
10 1
10 7
10 19
11 6
11 17
11 19
11 25
11 32
12 9
12 23
12 38
13 1
13 4
13 22
13 27
13 43
14 35
14 46
15 3
15 4
15 30
15 44
16 6
16 30
16 47
17 6
17 9
17 19
17 46
18 11
18 36
19 16
19 18
19 28
19 47
20 6
20 45
21 4
21 34
22 2
22 45
23 2
23 41
23 42
24 20
24 23
24 29
24 35
24 38
25 8
25 17
25 29
25 40
26 10
27 10
27 28
27 35
28 10
28 43
29 16
29 21
29 24
29 33
30 43
30 45
31 10
31 34
31 42
31 44
31 49
32 15
32 38
33 1
33 5
33 18
33 26
33 43
34 10
34 11
34 32
34 42
34 47
35 5
35 11
35 22
35 37
36 34
36 42
37 21
37 40
37 45
37 46
38 7
38 14
38 15
38 21
38 29
38 45
38 48
39 7
40 7
40 9
40 11
40 16
40 18
40 37
40 38
41 24
41 31
41 39
41 48
42 28
43 1
43 19
43 22
43 30
44 1
44 10
44 18
44 29
44 32
44 42
45 2
45 19
45 35
45 43
46 47
47 29
47 38
47 46
48 12
48 17
48 37
48 41
49 12
49 22
49 25
49 35
49 42
49 44
50 9
50 14
